15-a.wav,"P15"
3-a.wav,"décima quinta posição"
